Poses
1 0 0 0
0 1 0 0
0 0 1 0

0.997542 -0.0136729 -0.0687292 0.0606025
0.0156295 0.999485 0.0280115 0.00065658
0.0683109 -0.0290168 0.997242 -0.0103205

0.997854 -0.00583704 -0.065212 0.08476
0.00928086 0.998571 0.0526321 0.00170743
0.0648116 -0.0531244 0.996482 -0.0189001

0.999941 0.0086592 -0.00653839 0.107492
-0.0085483 0.999822 0.0168032 -0.00106139
0.00668273 -0.0167463 0.999837 -0.0297116

0.999813 0.0170268 0.009198 0.132732
-0.0169163 0.999785 -0.0119553 0.00378992
-0.00939959 0.0117975 0.999886 -0.0369805

0.999941 0.0108833 0.000103454 0.158418
-0.0108769 0.999603 -0.0259891 0.000414274
-0.00038626 0.0259864 0.999662 -0.0423058

0.999996 -0.00282839 -0.000626928 0.181727
0.00284244 0.999716 0.0236699 0.00273135
0.000559802 -0.0236716 0.99972 -0.0512548

0.999965 -0.0062335 0.00549682 0.201494
0.00599433 0.999078 0.0425045 0.00398972
-0.00575671 -0.0424701 0.999081 -0.0610479

0.996971 0.00774193 0.0773876 0.226543
-0.00896267 0.999841 0.0154395 0.00132291
-0.0772557 -0.0160864 0.996882 -0.0843869

0.997498 -0.000709684 0.0706849 0.257023
0.0021788 0.999783 -0.020709 0.0125424
-0.0706549 0.0208112 0.997284 -0.0872658

0.99787 -0.000966015 0.0652274 0.287762
2.67628e-05 0.999896 0.014399 0.00755211
-0.0652345 -0.0143666 0.997767 -0.0919033

0.990331 -0.0165384 0.137732 0.306477
0.00854615 0.998256 0.0584182 0.00953066
-0.138458 -0.0566763 0.988745 -0.119164

0.987687 0.0103529 0.156103 0.333509
-0.0211266 0.997494 0.0675162 0.000867823
-0.155013 -0.0699828 0.985431 -0.131744

0.973685 -0.050473 0.22224 0.359815
0.0365668 0.997133 0.0662516 0.0273841
-0.224947 -0.0563815 0.972738 -0.163569

0.97374 -0.030492 0.225611 0.388733
0.0147831 0.997367 0.0709927 0.0182448
-0.227182 -0.0657932 0.971627 -0.169934

0.966054 -0.0330936 0.256213 0.409747
0.00862557 0.99534 0.0960397 0.0179767
-0.258197 -0.0905695 0.961838 -0.192421

0.949043 -0.0232407 0.314289 0.422256
0.00508191 0.998276 0.0584739 0.0175882
-0.315106 -0.0538971 0.947525 -0.226522

0.944181 -0.00482852 0.329393 0.446867
-0.0165209 0.99794 0.0619848 0.0102456
-0.329013 -0.0639667 0.942156 -0.24315

0.952465 -0.0138607 0.304334 0.480373
0.00279813 0.99932 0.0367561 0.0209655
-0.304637 -0.0341574 0.951856 -0.240238

0.962894 -0.0321306 0.26796 0.512731
0.012258 0.99707 0.0755089 0.0257995
-0.269601 -0.0694224 0.960466 -0.233998

0.952644 -0.0535053 0.299342 0.525835
0.0363348 0.997375 0.0626397 0.039043
-0.301908 -0.0487968 0.952087 -0.261509

0.930124 0.0131183 0.367011 0.533725
-0.0306891 0.998643 0.0420808 0.0012638
-0.365961 -0.0504036 0.929264 -0.303819

0.921958 -0.0348086 0.385722 0.550348
0.0185952 0.998783 0.0456865 0.0373745
-0.386843 -0.0349485 0.921483 -0.320377

0.928328 -0.0155186 0.371437 0.580642
-0.005847 0.998395 0.0563262 0.0178274
-0.371715 -0.054461 0.926748 -0.316269

0.929065 -0.0165336 0.369546 0.605618
-0.0133475 0.996852 0.078156 0.0141641
-0.369675 -0.0775446 0.92592 -0.320498

0.907472 0.0229784 0.419483 0.615311
-0.0504876 0.997231 0.0545943 -0.0097982
-0.417067 -0.0707215 0.90612 -0.358375

0.870914 0.0260049 0.490746 0.609656
-0.0601429 0.996733 0.0539167 -0.0175333
-0.487741 -0.0764717 0.869633 -0.411347

0.872697 -0.0186586 0.487905 0.633985
-0.0161944 0.997614 0.0671174 0.0180168
-0.487993 -0.0664745 0.870313 -0.415578

0.88655 -0.00852695 0.462555 0.669268
-0.0217448 0.997957 0.0600736 0.0141891
-0.462122 -0.0633164 0.884553 -0.402069

0.879445 -0.0062717 0.475959 0.686767
-0.0373624 0.995919 0.0821589 0.00365629
-0.474532 -0.0900373 0.875621 -0.418631

0.865339 -0.00410944 0.50117 0.7004
-0.0530685 0.993594 0.0997774 -0.0109963
-0.498369 -0.112938 0.859577 -0.445717

0.845361 0.0212405 0.533773 0.705497
-0.0676473 0.995422 0.0675253 -0.0211324
-0.529894 -0.0931915 0.842928 -0.476391

0.852414 -0.00128152 0.522866 0.731453
-0.0382263 0.997168 0.0647633 0.00883426
-0.521468 -0.0751924 0.849951 -0.473455

0.853888 0.0142513 0.520262 0.759646
-0.0476935 0.997562 0.0509519 -0.00139375
-0.518267 -0.0683203 0.852485 -0.475058

0.840237 0.0212118 0.541804 0.768821
-0.0702347 0.995074 0.0699636 -0.0203648
-0.537651 -0.0968394 0.837588 -0.499032

0.81524 0.0166068 0.578886 0.771391
-0.0829894 0.992622 0.0883974 -0.0342139
-0.573147 -0.120106 0.810603 -0.541592

0.789311 0.0214488 0.613619 0.77018
-0.0737894 0.99546 0.0601208 -0.02528
-0.609544 -0.0927326 0.78731 -0.583322

0.799177 0.0166973 0.600864 0.80032
-0.0631361 0.996417 0.0562847 -0.00934246
-0.597771 -0.0829176 0.797367 -0.578669

0.844613 0.00923879 0.535297 0.868375
-0.0358109 0.998587 0.039269 0.0172902
-0.534178 -0.0523366 0.84375 -0.519291

0.864119 0.0169596 0.503001 0.911968
-0.0528365 0.996966 0.0571548 0.00370517
-0.500506 -0.0759654 0.862394 -0.493267

0.8542 0.0172867 0.519658 0.924401
-0.0750368 0.993083 0.0903081 -0.0167755
-0.514502 -0.116135 0.849588 -0.517094

0.840468 0.0212206 0.541445 0.930158
-0.0567541 0.997184 0.0490154 -0.000493606
-0.53888 -0.0719251 0.839306 -0.544259

0.831636 0.0323351 0.554378 0.942427
-0.0565315 0.998047 0.0265914 0.000444017
-0.552436 -0.0534542 0.83184 -0.560856

0.846127 0.00467372 0.532962 0.978604
-0.0413279 0.997526 0.0568643 0.0220023
-0.531377 -0.0701406 0.844227 -0.539334

0.874061 0.0357878 0.484497 1.03324
-0.0600401 0.997595 0.0346277 -0.00198667
-0.482092 -0.0593559 0.874108 -0.482873

0.868047 0.0209367 0.496041 1.04592
-0.0482891 0.997934 0.0423831 0.0154226
-0.494128 -0.0607438 0.867264 -0.498865

0.850914 0.0281362 0.524551 1.04927
-0.0625903 0.996881 0.0480611 0.00142874
-0.521563 -0.0737276 0.850021 -0.535598

0.84287 0.0427972 0.536412 1.06008
-0.0740188 0.996578 0.0367953 -0.0146024
-0.533002 -0.0707183 0.843154 -0.55145

0.855342 0.0571426 0.514902 1.09033
-0.0785415 0.996713 0.0198583 -0.019949
-0.512075 -0.0574268 0.857019 -0.52675

0.880412 0.00730283 0.474154 1.12986
-0.0304226 0.998691 0.0411072 0.043526
-0.473233 -0.0506163 0.879482 -0.478137

0.89413 0.0227906 0.447227 1.16333
-0.0303903 0.99949 0.00982469 0.0385791
-0.446775 -0.0223759 0.894367 -0.441671

0.906853 0.0445224 0.419088 1.19501
-0.0674871 0.996913 0.0401251 -0.00388049
-0.416008 -0.0646707 0.907058 -0.405201

0.900634 0.036494 0.433044 1.20738
-0.0714001 0.995353 0.0646145 -0.00413216
-0.428673 -0.0891134 0.899054 -0.423426

0.883103 0.0171994 0.468864 1.20225
-0.0682035 0.993419 0.0920191 0.00356736
-0.464196 -0.11324 0.878464 -0.474191

0.852214 0.0249783 0.522596 1.18922
-0.0843673 0.992348 0.0901497 -0.0188191
-0.516346 -0.120917 0.847801 -0.546612

0.85069 0.0367211 0.524383 1.20618
-0.0806209 0.994869 0.0611208 -0.0157033
-0.519448 -0.0942711 0.849286 -0.549935

0.852328 -0.0255162 0.522385 1.22133
-0.0134882 0.997405 0.0707262 0.0779517
-0.522834 -0.0673279 0.849772 -0.553689

0.876668 0.000715259 0.481094 1.26977
-0.0237496 0.998844 0.0417924 0.0585448
-0.480508 -0.0480639 0.875672 -0.494584

0.881319 0.0265134 0.471778 1.30048
-0.0663956 0.995468 0.0680881 0.00763057
-0.467834 -0.0913313 0.879085 -0.485396

0.864859 0.0225686 0.501507 1.30123
-0.0796386 0.992507 0.0926741 -0.00511285
-0.495657 -0.120089 0.860176 -0.534609

0.840465 0.0491826 0.539629 1.29695
-0.0942686 0.993957 0.0562313 -0.0333043
-0.533603 -0.0981305 0.840023 -0.592939

0.847277 0.0641469 0.527263 1.32226
-0.103343 0.993619 0.0451812 -0.0444319
-0.521001 -0.0927698 0.8485 -0.576388

0.856804 0.0249288 0.51504 1.35195
-0.0724763 0.994737 0.0724223 0.00617253
-0.510524 -0.0993799 0.854101 -0.562015

0.873905 0.0592955 0.482466 1.39643
-0.0967546 0.993891 0.0531045 -0.0346747
-0.47637 -0.0930892 0.874303 -0.510721

0.861278 0.0646898 0.503999 1.40104
-0.109038 0.992287 0.0589702 -0.0497062
-0.496297 -0.105745 0.861689 -0.547356

0.853539 0.0878887 0.513562 1.41438
-0.137473 0.98873 0.0592738 -0.0919743
-0.502565 -0.121194 0.856002 -0.563676

0.840107 0.0899177 0.534917 1.42127
-0.12 0.992538 0.0216217 -0.07796
-0.528981 -0.0823544 0.844628 -0.604741

0.86084 0.0854573 0.501649 1.46798
-0.108775 0.993915 0.017344 -0.0568
-0.497114 -0.0694974 0.864897 -0.553161

0.869753 0.0851091 0.486093 1.49718
-0.102753 0.99466 0.00969959 -0.0504656
-0.482672 -0.0583836 0.873853 -0.527392

0.891244 0.0906142 0.44438 1.53987
-0.112078 0.993451 0.022206 -0.0619786
-0.439458 -0.0695961 0.895563 -0.458747

0.894333 0.0769754 0.440731 1.56169
-0.10216 0.994198 0.0336627 -0.0411196
-0.435583 -0.0751307 0.897008 -0.454744

0.884599 0.0891294 0.457756 1.5719
-0.115938 0.992781 0.0307423 -0.0642101
-0.451711 -0.0802657 0.888546 -0.486723

0.850439 0.0939676 0.517613 1.55807
-0.105191 0.994422 -0.00769915 -0.0590492
-0.51545 -0.0479005 0.85558 -0.596984

0.842721 0.0522075 0.535813 1.567
-0.081764 0.996153 0.0315365 -0.00596926
-0.532105 -0.0703867 0.843748 -0.632634

0.846253 0.0372908 0.531474 1.58752
-0.0589457 0.997977 0.0238348 0.0284227
-0.52951 -0.0514984 0.846739 -0.626253

0.859946 0.058346 0.50704 1.62276
-0.0886833 0.995414 0.0358638 -0.0192322
-0.502622 -0.0758069 0.861176 -0.581615

0.841403 0.0454225 0.538495 1.62088
-0.101578 0.991993 0.0750405 -0.0270688
-0.530775 -0.117838 0.83928 -0.643825

0.809797 0.0602752 0.583606 1.6024
-0.121381 0.9904 0.0661355 -0.0657704
-0.574017 -0.124395 0.809339 -0.730637

0.772761 0.0805644 0.629563 1.57651
-0.118591 0.99277 0.0185213 -0.0752972
-0.623519 -0.0889728 0.776729 -0.825772

0.775581 0.0673095 0.627649 1.59683
-0.10929 0.993601 0.0284943 -0.052315
-0.621715 -0.0906954 0.777975 -0.8254

0.783146 0.0509975 0.619743 1.62347
-0.0837715 0.996199 0.0238835 -0.00897336
-0.61617 -0.0706211 0.784441 -0.812376

0.805741 0.0735416 0.587684 1.67206
-0.111798 0.993308 0.0289802 -0.0586308
-0.58162 -0.0890527 0.808571 -0.74808

0.787524 0.073812 0.611847 1.66519
-0.120313 0.992113 0.0351713 -0.0698183
-0.604425 -0.101311 0.790194 -0.801476

0.777144 0.0705465 0.625356 1.66993
-0.135492 0.989149 0.0567929 -0.092538
-0.614564 -0.128867 0.77827 -0.833085

0.762636 0.0577452 0.644246 1.66487
-0.109876 0.993097 0.0410534 -0.0532895
-0.637428 -0.102096 0.763716 -0.880125

0.760702 0.102591 0.640942 1.6826
-0.131973 0.991251 -0.0020297 -0.109203
-0.635543 -0.0830431 0.767586 -0.876508

0.756948 0.0779808 0.648806 1.69346
-0.102712 0.994711 0.000276157 -0.0510558
-0.645353 -0.0668491 0.760954 -0.898165

0.76739 0.0790634 0.636287 1.72268
-0.0857679 0.996108 -0.0203339 -0.0305727
-0.635418 -0.038969 0.771185 -0.873624

0.795775 0.0894337 0.598952 1.77811
-0.122148 0.992412 0.0141038 -0.0859137
-0.593145 -0.0843843 0.800661 -0.792427

0.791059 0.0866224 0.605576 1.7903
-0.152041 0.986702 0.0574706 -0.123383
-0.592545 -0.137535 0.793709 -0.806079

0.773253 0.0701037 0.630211 1.78283
-0.137777 0.9887 0.0590674 -0.0980064
-0.618949 -0.132503 0.774174 -0.868567

0.75509 0.0757004 0.651236 1.77351
-0.122915 0.992044 0.0271998 -0.0827537
-0.643996 -0.100585 0.758388 -0.921973

0.764856 0.0720102 0.640163 1.80451
-0.117574 0.992646 0.0288157 -0.068952
-0.633381 -0.0973067 0.767698 -0.898703

0.769967 0.0440696 0.63656 1.82632
-0.0970139 0.994099 0.0485233 -0.0182755
-0.630666 -0.0991165 0.769699 -0.894128

0.80132 0.0596312 0.595256 1.88786
-0.101717 0.994112 0.0373418 -0.035739
-0.589525 -0.0904705 0.802668 -0.797138

0.814308 0.0756111 0.575487 1.92148
-0.14457 0.986653 0.0749315 -0.103458
-0.562141 -0.144215 0.814371 -0.748617

0.811683 0.0604514 0.580962 1.93027
-0.144364 0.984535 0.0992507 -0.0889913
-0.565977 -0.16443 0.807857 -0.765944

0.804795 0.0854501 0.58737 1.94196
-0.162664 0.983449 0.0798053 -0.137066
-0.570829 -0.159771 0.805374 -0.780141

0.784775 0.114382 0.609135 1.9346
-0.171961 0.98442 0.0366926 -0.178846
-0.595448 -0.133543 0.792217 -0.835392

0.796502 0.0915793 0.59766 1.96494
-0.145171 0.988515 0.0419997 -0.118239
-0.58695 -0.120216 0.800649 -0.814264

0.799608 0.0925276 0.593351 1.98766
-0.138865 0.989768 0.0327908 -0.109847
-0.584246 -0.108615 0.804275 -0.806188

0.815865 0.0916277 0.570937 2.025
-0.136709 0.989939 0.0364841 -0.105747
-0.56185 -0.107818 0.820183 -0.754169

0.811124 0.0729826 0.580304 2.03453
-0.138181 0.988008 0.0688855 -0.0910462
-0.568317 -0.136062 0.811482 -0.780658

0.790969 0.101759 0.603336 2.02454
-0.170948 0.983558 0.0582238 -0.165249
-0.587491 -0.149192 0.795359 -0.836235

0.761307 0.0798527 0.643455 1.99545
-0.145638 0.988089 0.0496903 -0.119838
-0.631823 -0.131541 0.763869 -0.948153

0.731601 0.101723 0.674101 1.96875
-0.154859 0.987753 0.0190153 -0.155578
-0.663911 -0.118303 0.738394 -1.03238

0.727482 0.0697417 0.682573 1.97559
-0.134633 0.989991 0.0423389 -0.0956278
-0.672788 -0.122698 0.72959 -1.06043

0.724054 0.0800992 0.685076 1.98602
-0.144934 0.988728 0.0375775 -0.122311
-0.674344 -0.126499 0.727501 -1.06721

0.737087 0.130057 0.663165 2.02501
-0.186352 0.982377 0.0144648 -0.227972
-0.649597 -0.134244 0.748333 -1.0061

0.755952 0.119136 0.643695 2.06978
-0.195548 0.979501 0.0483629 -0.228201
-0.624738 -0.162434 0.763753 -0.952953

0.765651 0.126964 0.630602 2.10214
-0.191986 0.98075 0.0356396 -0.229789
-0.613938 -0.148354 0.775288 -0.925488

0.749971 0.118926 0.650693 2.09293
-0.167876 0.985718 0.0133314 -0.191581
-0.639814 -0.119234 0.759224 -0.990776

0.74877 0.118034 0.652236 2.10725
-0.159155 0.987245 0.00405094 -0.175541
-0.643439 -0.10684 0.758005 -1.00073

0.743746 0.105191 0.660134 2.11667
-0.1492 0.988751 0.0105427 -0.147496
-0.651599 -0.106333 0.751074 -1.02618

0.779396 0.104426 0.617768 2.18807
-0.141815 0.989825 0.0116013 -0.132964
-0.61027 -0.0966507 0.786275 -0.911782

0.803641 0.100982 0.586484 2.23907
-0.156448 0.986684 0.0444867 -0.145923
-0.574182 -0.127506 0.808738 -0.824669

0.786949 0.0653757 0.613545 2.22892
-0.149522 0.984938 0.0868323 -0.102432
-0.598627 -0.160071 0.784871 -0.905739

0.767607 0.0706613 0.637014 2.22133
-0.154752 0.984931 0.0772235 -0.121996
-0.621958 -0.157857 0.766974 -0.97541

0.756694 0.0964817 0.64661 2.23094
-0.162117 0.985851 0.0426167 -0.158642
-0.63335 -0.137074 0.761629 -1.00592

0.75043 0.0846792 0.655502 2.23829
-0.153981 0.986868 0.0487944 -0.135766
-0.642763 -0.137552 0.753615 -1.03535

0.784878 0.0863125 0.61361 2.30838
-0.125355 0.991893 0.0208211 -0.0886041
-0.606838 -0.0932613 0.789335 -0.920698

0.802276 0.0833291 0.591109 2.35074
-0.152751 0.985899 0.0683368 -0.121215
-0.57708 -0.145118 0.803691 -0.854582

0.792963 0.0850924 0.603298 2.35559
-0.174194 0.980529 0.0906586 -0.15781
-0.583837 -0.17698 0.792346 -0.890001

0.774512 0.0874749 0.626481 2.34189
-0.157871 0.985783 0.05753 -0.142973
-0.612542 -0.143461 0.77731 -0.965837

0.738518 0.10757 0.665598 2.30172
-0.164573 0.986091 0.0232368 -0.184292
-0.653841 -0.1267 0.745949 -1.08753

0.739644 0.107562 0.664348 2.32164
-0.156324 0.987605 0.0141427 -0.167551
-0.654591 -0.114314 0.74729 -1.0889

0.766487 0.102381 0.634047 2.3823
-0.155876 0.987351 0.0290063 -0.156907
-0.623057 -0.121066 0.77275 -0.997032

0.811827 0.108428 0.573742 2.46769
-0.160922 0.986101 0.0413426 -0.162317
-0.561285 -0.125891 0.817992 -0.816025

0.819062 0.0914885 0.566363 2.49552
-0.167378 0.982361 0.0833711 -0.14747
-0.548746 -0.163083 0.819928 -0.795035

0.815629 0.100196 0.569833 2.50866
-0.181048 0.979628 0.0868904 -0.181137
-0.549519 -0.174038 0.817154 -0.804938

0.772082 0.107359 0.626389 2.46168
-0.163391 0.986029 0.0323963 -0.178015
-0.61416 -0.127359 0.778837 -0.988072

0.760949 0.108147 0.639735 2.46135
-0.165999 0.985644 0.0308299 -0.183285
-0.627217 -0.129656 0.767977 -1.03054

0.761795 0.094604 0.640873 2.48156
-0.158333 0.986467 0.0425881 -0.155815
-0.628171 -0.133915 0.766465 -1.0345

0.775814 0.100929 0.622837 2.52212
-0.174812 0.982864 0.058478 -0.187403
-0.606262 -0.154247 0.780163 -0.973727

0.77297 0.0727178 0.630261 2.53346
-0.166697 0.981784 0.0911667 -0.137887
-0.612151 -0.175532 0.771012 -1.00389

0.747382 0.06519 0.661189 2.5082
-0.172101 0.980203 0.0978928 -0.149323
-0.641718 -0.186954 0.743805 -1.10769

0.723928 0.110204 0.681016 2.49152
-0.194743 0.979655 0.0484841 -0.249134
-0.661818 -0.167722 0.730662 -1.16812

0.738719 0.100524 0.666475 2.53167
-0.170699 0.984482 0.0407128 -0.188732
-0.65204 -0.143842 0.744415 -1.12707

0.768396 0.104511 0.631383 2.59742
-0.155921 0.987419 0.0263116 -0.163386
-0.62069 -0.118664 0.775024 -1.01375

0.8079 0.105799 0.579745 2.67625
-0.169708 0.983847 0.0569514 -0.174976
-0.564355 -0.144398 0.812805 -0.840994

0.804986 0.0810781 0.587728 2.68571
-0.167015 0.981525 0.0933505 -0.136701
-0.569301 -0.173305 0.803655 -0.870664

0.794835 0.0856668 0.600748 2.68795
-0.177562 0.979489 0.0952524 -0.16517
-0.580266 -0.18238 0.793743 -0.913933

0.758896 0.114723 0.641027 2.65068
-0.185086 0.981763 0.0434156 -0.229325
-0.624356 -0.151593 0.766289 -1.05217

0.768197 0.0858037 0.634437 2.67885
-0.160215 0.985211 0.0607503 -0.141834
-0.619842 -0.148315 0.770584 -1.03814

0.783986 0.0773146 0.615945 2.71903
-0.136389 0.989423 0.0494045 -0.0862241
-0.60561 -0.122741 0.786238 -0.981188

0.830362 0.0970028 0.548716 2.8071
-0.159655 0.984863 0.0674976 -0.133941
-0.533863 -0.143653 0.833279 -0.751609

0.830851 0.0873796 0.549592 2.82295
-0.153688 0.985215 0.0757002 -0.107616
-0.534852 -0.147361 0.831996 -0.759266

0.828658 0.102864 0.550223 2.83718
-0.171949 0.982221 0.075336 -0.15985
-0.532691 -0.157038 0.831612 -0.759597

0.788956 0.140799 0.5981 2.79836
-0.182204 0.983221 0.00888518 -0.247536
-0.586813 -0.115986 0.801372 -0.930868

0.781546 0.0996672 0.615835 2.80047
-0.150314 0.988157 0.0308369 -0.133492
-0.605468 -0.116669 0.787271 -0.999209

0.798688 0.117272 0.590208 2.84543
-0.143263 0.989681 -0.00277757 -0.145351
-0.584443 -0.0823365 0.807246 -0.914837

0.821532 0.125987 0.556069 2.89566
-0.163101 0.986455 0.0174652 -0.18349
-0.546336 -0.105043 0.830953 -0.794197

0.798326 0.125596 0.588984 2.88011
-0.180833 0.982872 0.0355171 -0.216832
-0.574435 -0.134862 0.807364 -0.90813

0.801407 0.0955351 0.59044 2.89784
-0.163254 0.984617 0.0622714 -0.143935
-0.575408 -0.146297 0.804675 -0.919806

0.772874 0.129177 0.621272 2.87159
-0.184104 0.982596 0.0247239 -0.239965
-0.607266 -0.133487 0.783205 -1.03144

0.774375 0.0918605 0.626023 2.88916
-0.150417 0.987767 0.0411201 -0.123529
-0.614588 -0.126007 0.778719 -1.05622

0.775638 0.0934058 0.624228 2.90803
-0.134075 0.990801 0.0183385 -0.0985058
-0.616773 -0.0979177 0.781027 -1.05431

0.767691 0.10499 0.632161 2.91479
-0.163009 0.986032 0.0341953 -0.167129
-0.619741 -0.129299 0.774082 -1.082

0.743871 0.0992281 0.660915 2.88939
-0.184182 0.981059 0.060006 -0.204201
-0.642443 -0.166365 0.748058 -1.18865

0.709141 0.0994615 0.698016 2.84191
-0.179334 0.982885 0.0421387 -0.210637
-0.681879 -0.15506 0.714841 -1.3387

0.6896 0.115208 0.714968 2.82385
-0.182567 0.983034 0.0176861 -0.24386
-0.700801 -0.142726 0.698933 -1.4094

0.712184 0.110788 0.693196 2.88694
-0.164066 0.986389 0.010913 -0.193299
-0.682551 -0.121502 0.720667 -1.32739

0.725192 0.115636 0.678767 2.92952
-0.167796 0.985757 0.0113378 -0.206881
-0.667788 -0.122116 0.734266 -1.27091

0.729033 0.104227 0.676497 2.95044
-0.187445 0.980957 0.0508668 -0.223917
-0.658312 -0.16389 0.734687 -1.25704

0.731705 0.0976611 0.674589 2.97087
-0.202261 0.976216 0.0780582 -0.239852
-0.650921 -0.193559 0.734055 -1.24837

0.707551 0.110176 0.69802 2.94158
-0.200179 0.97856 0.0484556 -0.26634
-0.677716 -0.174014 0.714437 -1.34628

0.718663 0.126407 0.683773 2.98256
-0.195503 0.980404 0.0242336 -0.275307
-0.66731 -0.151095 0.729293 -1.29359

0.725341 0.110103 0.679528 3.00887
-0.177185 0.983728 0.0297391 -0.210479
-0.665196 -0.141973 0.733047 -1.28098

0.760429 0.12467 0.637342 3.09261
-0.184898 0.982346 0.0284513 -0.23708
-0.622543 -0.139479 0.770056 -1.11009

0.775356 0.128343 0.618345 3.1397
-0.193558 0.980304 0.0392353 -0.250706
-0.60113 -0.150107 0.784927 -1.03311

0.777982 0.141587 0.612125 3.16221
-0.213232 0.975952 0.0452659 -0.305865
-0.590996 -0.165741 0.789464 -1.00417

0.757279 0.142388 0.63738 3.14285
-0.202099 0.979132 0.0213832 -0.299995
-0.621034 -0.145007 0.770253 -1.11448

0.773867 0.127559 0.620369 3.18828
-0.181364 0.983121 0.0240914 -0.228409
-0.606825 -0.131156 0.78394 -1.05219

0.783724 0.133634 0.606563 3.2219
-0.175056 0.984515 0.00928354 -0.226004
-0.595929 -0.113458 0.794981 -0.999739

0.81153 0.136868 0.568055 3.28557
-0.183503 0.982691 0.0253839 -0.235913
-0.554749 -0.12484 0.822599 -0.844427

0.803431 0.123234 0.582506 3.28803
-0.190908 0.98001 0.0559834 -0.221898
-0.563962 -0.156184 0.810896 -0.901475

0.802313 0.140147 0.580217 3.30417
-0.202708 0.97825 0.0440111 -0.274838
-0.561429 -0.152925 0.813272 -0.89315

0.772129 0.128457 0.622346 3.27036
-0.177516 0.983969 0.0171405 -0.224953
-0.610168 -0.123711 0.782554 -1.0785

0.785207 0.112685 0.608894 3.30704
-0.161315 0.986575 0.0254457 -0.158545
-0.597852 -0.118204 0.792844 -1.0261

0.811799 0.0941156 0.576302 3.36645
-0.139159 0.989672 0.0344015 -0.0741189
-0.567113 -0.108125 0.816512 -0.895094

0.816425 0.134262 0.561627 3.39807
-0.17997 0.983314 0.0265472 -0.219091
-0.548691 -0.12275 0.826965 -0.828228

0.780045 0.124021 0.613309 3.35952
-0.211398 0.974763 0.0717565 -0.267758
-0.588932 -0.185626 0.786577 -1.03338

0.761145 0.130005 0.635418 3.34358
-0.20417 0.977924 0.0444864 -0.27887
-0.615608 -0.163594 0.770885 -1.13441

0.77038 0.131173 0.623946 3.37769
-0.196072 0.979925 0.0360781 -0.261716
-0.606688 -0.150132 0.780634 -1.08946

0.777095 0.113048 0.619148 3.40509
-0.179873 0.982597 0.0463494 -0.192695
-0.603133 -0.147386 0.783905 -1.07282

0.791965 0.143746 0.593404 3.45054
-0.200702 0.979172 0.0306649 -0.28489
-0.576637 -0.143383 0.80432 -0.958253

0.803647 0.13965 0.578489 3.48877
-0.197317 0.979617 0.0376316 -0.264386
-0.561443 -0.144388 0.814821 -0.896081

0.786895 0.115112 0.606255 3.47695
-0.197199 0.97784 0.0702908 -0.222802
-0.584729 -0.174864 0.792158 -1.01775

0.7543 0.127212 0.644088 3.43882
-0.183379 0.982826 0.0206415 -0.239378
-0.6304 -0.133682 0.764673 -1.19599

0.774469 0.116089 0.621869 3.49126
-0.168221 0.985418 0.0255457 -0.177358
-0.609836 -0.124396 0.782704 -1.10279

0.785898 0.105759 0.609245 3.52658
-0.138628 0.99032 0.00691418 -0.0987297
-0.602617 -0.0898924 0.792952 -1.05403

0.797352 0.119143 0.591638 3.56629
-0.161707 0.986651 0.0192428 -0.162726
-0.581448 -0.111016 0.805974 -0.976428

0.777495 0.102013 0.62056 3.54665
-0.170479 0.983997 0.0518333 -0.14907
-0.605342 -0.146092 0.782444 -1.10754

0.770351 0.0981976 0.630013 3.5491
-0.164656 0.985193 0.0477758 -0.136927
-0.615993 -0.140539 0.775114 -1.15556

0.761185 0.12145 0.637062 3.54882
-0.175995 0.98413 0.0226709 -0.20832
-0.624198 -0.129377 0.770479 -1.18913

0.781811 0.101885 0.615135 3.60208
-0.14912 0.988482 0.0258027 -0.106309
-0.605422 -0.111902 0.787999 -1.09592

0.79832 0.118263 0.590507 3.64918
-0.161292 0.986695 0.0204453 -0.158223
-0.580233 -0.111566 0.806773 -0.984572

0.785333 0.107475 0.609673 3.64393
-0.170452 0.984289 0.0460495 -0.153792
-0.595146 -0.140084 0.791314 -1.07159

0.776115 0.111096 0.620728 3.64198
-0.180316 0.982356 0.0496362 -0.185588
-0.604261 -0.150451 0.782454 -1.12268

0.739945 0.107465 0.664028 3.58685
-0.167928 0.985412 0.0276496 -0.170718
-0.651369 -0.131968 0.747197 -1.33229

0.746725 0.0900654 0.659007 3.61335
-0.148412 0.988372 0.0330873 -0.089344
-0.648364 -0.122511 0.751409 -1.31389

0.738538 0.0959419 0.66735 3.61467
-0.149938 0.988408 0.0238332 -0.108552
-0.657328 -0.117663 0.744363 -1.35393

0.742827 0.104847 0.661223 3.64003
-0.170135 0.9848 0.034978 -0.166627
-0.647505 -0.13848 0.749373 -1.32187

0.709862 0.106101 0.696304 3.58568
-0.19476 0.979612 0.049281 -0.235066
-0.676879 -0.170595 0.716053 -1.48939

0.695061 0.0873526 0.713625 3.56375
-0.195377 0.978187 0.0705577 -0.208505
-0.691895 -0.188468 0.696966 -1.58086

0.652142 0.100437 0.751414 3.48126
-0.199333 0.979025 0.0421378 -0.263196
-0.731422 -0.177261 0.658484 -1.77574

0.646249 0.101412 0.756358 3.48133
-0.195467 0.980064 0.0356044 -0.255933
-0.737669 -0.170852 0.653188 -1.80532

0.632383 0.0907134 0.769326 3.45825
-0.187811 0.981444 0.0386554 -0.221849
-0.751544 -0.168933 0.637686 -1.87882

0.621071 0.0989284 0.777486 3.44625
-0.184335 0.982612 0.0222216 -0.233866
-0.761769 -0.157119 0.628508 -1.92595

0.616411 0.0919106 0.782042 3.44585
-0.205077 0.977629 0.0467462 -0.275972
-0.760251 -0.189194 0.621469 -1.94674

0.599039 0.0818788 0.796523 3.41175
-0.20966 0.976092 0.0573406 -0.276479
-0.772784 -0.201348 0.601884 -2.02958

0.559765 0.076175 0.825143 3.32238
-0.214776 0.975075 0.0556843 -0.298479
-0.800334 -0.208391 0.562173 -2.19731

0.506543 0.0788558 0.858601 3.18942
-0.194158 0.980665 0.0244796 -0.266615
-0.84007 -0.179104 0.512059 -2.40926

0.508453 0.0802901 0.857339 3.20548
-0.201215 0.979157 0.0276339 -0.286356
-0.837251 -0.18656 0.514011 -2.40203

0.516945 0.0471649 0.854718 3.23247
-0.164244 0.985395 0.0449608 -0.119303
-0.840114 -0.163624 0.517141 -2.39987

0.51053 0.0516411 0.858308 3.22941
-0.175143 0.983514 0.0450029 -0.161789
-0.841833 -0.173302 0.511158 -2.42145

0.501607 0.0745555 0.861877 3.22476
-0.225558 0.973091 0.0470975 -0.350274
-0.835173 -0.218028 0.504926 -2.42775

0.463869 0.0391248 0.88504 3.11815
-0.223802 0.971795 0.0743397 -0.302171
-0.857169 -0.232558 0.459542 -2.58934

0.407151 0.0362641 0.912641 2.96512
-0.231731 0.970618 0.064813 -0.34922
-0.883475 -0.237876 0.403591 -2.78111

0.392632 0.0422941 0.918723 2.94164
-0.202784 0.978338 0.041625 -0.270246
-0.897061 -0.202646 0.392704 -2.83801

0.371429 0.024653 0.928134 2.88529
-0.174954 0.983598 0.0438886 -0.158184
-0.911829 -0.178683 0.36965 -2.92293

0.361673 0.0451721 0.93121 2.87772
-0.209003 0.977332 0.0337653 -0.305341
-0.908576 -0.206838 0.362916 -2.93732

0.307577 0.0268021 0.951146 2.71298
-0.235466 0.970657 0.0487919 -0.382346
-0.921929 -0.23897 0.304862 -3.10012

0.225394 0.045869 0.973187 2.46071
-0.21394 0.97684 0.00350825 -0.372081
-0.950488 -0.208995 0.229987 -3.32021

0.169163 0.0219029 0.985345 2.27046
-0.213324 0.976868 0.0149088 -0.349677
-0.962225 -0.21272 0.169922 -3.46702

0.159784 0.00766055 0.987122 2.24912
-0.196704 0.980163 0.0242336 -0.269767
-0.967356 -0.198043 0.158121 -3.49976

0.129219 0.0257264 0.991282 2.16724
-0.239201 0.970952 0.00598244 -0.465142
-0.962333 -0.237889 0.131619 -3.5469

0.0423887 0.0159225 0.998974 1.8685
-0.24277 0.97007 -0.00516052 -0.497976
-0.969157 -0.242302 0.0449855 -3.72755

0.00631326 -0.0184056 0.999811 1.74233
-0.238319 0.970994 0.01938 -0.43375
-0.971166 -0.238396 0.00174372 -3.81201

0.01692 0.00687039 0.999833 1.8156
-0.262038 0.965055 -0.00219697 -0.565167
-0.964909 -0.261957 0.0181291 -3.77505

-0.0453963 -0.0165967 0.998831 1.58904
-0.289145 0.957281 0.00276485 -0.661155
-0.956208 -0.288682 -0.0482559 -3.87712

-0.106634 -0.0274637 0.993919 1.36589
-0.254585 0.96705 -0.000592069 -0.529785
-0.961153 -0.2531 -0.110112 -3.9963

-0.124286 -0.0442341 0.99126 1.30868
-0.217786 0.975861 0.0162407 -0.353204
-0.968051 -0.213864 -0.130919 -4.04614

-0.173068 -0.0398002 0.984105 1.13534
-0.283999 0.95876 -0.0111698 -0.663332
-0.943076 -0.281418 -0.177234 -4.07316

-0.211809 -0.0382039 0.976564 0.997895
-0.2791 0.959987 -0.0229791 -0.668583
-0.936611 -0.277426 -0.213996 -4.12229

-0.202923 -0.0489396 0.977971 1.05127
-0.263235 0.964711 -0.00634375 -0.570075
-0.943149 -0.258724 -0.208645 -4.13502

-0.219743 -0.0324755 0.975017 1.00461
-0.235124 0.971747 -0.0206241 -0.487904
-0.9468 -0.233782 -0.22117 -4.16519

-0.227752 -0.0247697 0.973404 0.988486
-0.265436 0.963395 -0.0375905 -0.639559
-0.936842 -0.266938 -0.22599 -4.15778

-0.264176 -0.0562608 0.962832 0.825642
-0.279952 0.95979 -0.0207285 -0.662536
-0.922951 -0.275023 -0.269304 -4.19805

-0.313778 -0.057527 0.947752 0.616984
-0.274616 0.961002 -0.0325874 -0.666342
-0.908917 -0.270493 -0.317339 -4.24066

-0.378748 -0.0504963 0.924121 0.334993
-0.256392 0.965155 -0.0523427 -0.631906
-0.889277 -0.256762 -0.378497 -4.28214

-0.417808 -0.0847262 0.904576 0.1413
-0.27002 0.962233 -0.0345908 -0.649129
-0.867482 -0.258706 -0.424907 -4.29402

-0.438078 -0.0801732 0.895355 0.057837
-0.250972 0.967318 -0.0361782 -0.576596
-0.863192 -0.240558 -0.443882 -4.30947

-0.450814 -0.0638912 0.890328 0.0169705
-0.242548 0.968674 -0.0532998 -0.577486
-0.859033 -0.239976 -0.452189 -4.31374

-0.485373 -0.0888778 0.869778 -0.156279
-0.274293 0.960074 -0.0549625 -0.705537
-0.830166 -0.265251 -0.490373 -4.29586

-0.512498 -0.0834695 0.854622 -0.277148
-0.291823 0.952957 -0.0819263 -0.831331
-0.80758 -0.291386 -0.512747 -4.27109

-0.545323 -0.0946385 0.832867 -0.441382
-0.267312 0.961362 -0.065784 -0.703387
-0.794461 -0.258508 -0.549551 -4.28214

-0.577576 -0.0884208 0.811534 -0.59588
-0.254679 0.964017 -0.0762226 -0.67459
-0.775593 -0.250705 -0.579312 -4.26935

-0.586913 -0.118813 0.800885 -0.655759
-0.274124 0.959915 -0.0584811 -0.712109
-0.761833 -0.253865 -0.595956 -4.25497

-0.599077 -0.121725 0.791384 -0.710417
-0.250435 0.967273 -0.0408001 -0.58266
-0.760519 -0.222633 -0.609956 -4.26565

-0.589192 -0.113858 0.799931 -0.640108
-0.258195 0.964645 -0.0528719 -0.637533
-0.765629 -0.23769 -0.597759 -4.27088

-0.605673 -0.120418 0.786549 -0.722885
-0.285858 0.955422 -0.0738495 -0.789659
-0.742594 -0.26957 -0.613096 -4.23347

-0.636365 -0.10034 0.764835 -0.864124
-0.283833 0.952403 -0.11121 -0.861158
-0.717272 -0.287855 -0.634555 -4.19494

-0.642 -0.0889337 0.761529 -0.87485
-0.255897 0.961149 -0.103485 -0.736401
-0.72274 -0.26131 -0.639816 -4.21728

-0.652744 -0.0838718 0.752922 -0.919193
-0.240281 0.965459 -0.100764 -0.667597
-0.718464 -0.246686 -0.650351 -4.21947

-0.639926 -0.118296 0.759276 -0.86296
-0.248535 0.966834 -0.0588339 -0.608369
-0.727135 -0.226356 -0.648103 -4.23979

-0.633028 -0.109009 0.766415 -0.805687
-0.227948 0.97239 -0.0499703 -0.508969
-0.739807 -0.206335 -0.640399 -4.26314

-0.632153 -0.0674959 0.771898 -0.76049
-0.195647 0.977823 -0.0747245 -0.436904
-0.749737 -0.198257 -0.631339 -4.27965

-0.656041 -0.0837814 0.750061 -0.889784
-0.24141 0.964902 -0.10337 -0.677558
-0.715074 -0.248887 -0.653241 -4.22276

-0.664499 -0.0878628 0.742106 -0.93106
-0.245456 0.963628 -0.105696 -0.697804
-0.705827 -0.252389 -0.661897 -4.21133

-0.675678 -0.093839 0.7312 -0.989268
-0.234292 0.967775 -0.0923011 -0.623925
-0.698976 -0.23368 -0.67589 -4.21052

-0.688735 -0.0714794 0.721481 -1.03655
-0.206454 0.973265 -0.100659 -0.535174
-0.694997 -0.21828 -0.685078 -4.21081

-0.678873 -0.10381 0.726881 -0.988727
-0.233581 0.969061 -0.0797564 -0.591568
-0.696112 -0.22393 -0.682117 -4.21341

-0.672757 -0.102094 0.732786 -0.938306
-0.205951 0.977129 -0.0529436 -0.426722
-0.710621 -0.186536 -0.678396 -4.24347

-0.67446 -0.0721248 0.73478 -0.912298
-0.207927 0.973491 -0.0953009 -0.529955
-0.708428 -0.217057 -0.671577 -4.23748

-0.68847 -0.0898826 0.719674 -0.997013
-0.22488 0.969841 -0.0940028 -0.59099
-0.68952 -0.226559 -0.687919 -4.20984

-0.695523 -0.101227 0.711337 -1.03722
-0.239234 0.966162 -0.096425 -0.652191
-0.677506 -0.237242 -0.696205 -4.19103

-0.708738 -0.0725303 0.701733 -1.0838
-0.218764 0.968263 -0.120869 -0.630439
-0.670696 -0.239178 -0.702112 -4.18117

-0.717696 -0.0639155 0.693417 -1.11691
-0.206573 0.970497 -0.12435 -0.591069
-0.665011 -0.232487 -0.709726 -4.17617

-0.726326 -0.0719302 0.683576 -1.16146
-0.195074 0.975189 -0.104658 -0.501381
-0.659088 -0.209364 -0.722336 -4.17274

-0.731781 -0.0577543 0.679089 -1.17478
-0.185176 0.975768 -0.116558 -0.492854
-0.655902 -0.211046 -0.724743 -4.1689

-0.728222 -0.0767424 0.681031 -1.15306
-0.221517 0.966729 -0.12793 -0.656891
-0.648554 -0.244022 -0.720993 -4.15149

-0.743766 -0.0864574 0.662825 -1.24655
-0.22829 0.964832 -0.130317 -0.688016
-0.628248 -0.248241 -0.737347 -4.11921

-0.745788 -0.103076 0.658161 -1.26192
-0.226014 0.968511 -0.104425 -0.618598
-0.626672 -0.226632 -0.7456 -4.12517

-0.774417 -0.0963737 0.625292 -1.42795
-0.198679 0.975378 -0.0957303 -0.494109
-0.600671 -0.198367 -0.774497 -4.08441

-0.766502 -0.111032 0.632571 -1.37857
-0.211101 0.973772 -0.0848746 -0.514195
-0.606557 -0.198593 -0.769838 -4.09516

-0.749404 -0.108754 0.65312 -1.25593
-0.224966 0.969558 -0.096685 -0.594044
-0.622723 -0.219386 -0.751057 -4.12028

-0.747979 -0.069567 0.660066 -1.20702
-0.203555 0.970611 -0.12837 -0.59023
-0.631738 -0.230378 -0.740158 -4.13321

-0.758847 -0.0790632 0.646452 -1.27149
-0.214154 0.967698 -0.133035 -0.639512
-0.615052 -0.239394 -0.751266 -4.10329

-0.753624 -0.0699151 0.653577 -1.22267
-0.218491 0.964432 -0.148768 -0.69389
-0.61993 -0.254916 -0.742095 -4.10747

-0.766665 -0.0623357 0.639014 -1.28753
-0.186979 0.973813 -0.129335 -0.530656
-0.614218 -0.218639 -0.758243 -4.10762

-0.766917 -0.0753467 0.637308 -1.28532
-0.187076 0.9762 -0.109709 -0.482291
-0.613874 -0.203363 -0.76276 -4.10925

-0.757852 -0.0753389 0.648062 -1.21892
-0.183908 0.977699 -0.101405 -0.449663
-0.625969 -0.196034 -0.754807 -4.13

-0.739208 -0.0514766 0.671507 -1.07389
-0.174488 0.977667 -0.117134 -0.4543
-0.650481 -0.203757 -0.731681 -4.16634

-0.727044 -0.0402584 0.685409 -0.982905
-0.185214 0.972771 -0.139327 -0.547642
-0.661137 -0.228244 -0.714704 -4.17524

-0.730867 -0.064047 0.679509 -1.01357
-0.205441 0.970059 -0.129535 -0.596939
-0.650867 -0.234272 -0.722142 -4.1588

-0.738219 -0.0649252 0.67143 -1.04968
-0.224156 0.962406 -0.153391 -0.724261
-0.636229 -0.263741 -0.725019 -4.12725

-0.746969 -0.0696323 0.661202 -1.09813
-0.222008 0.963541 -0.149334 -0.707533
-0.626697 -0.25834 -0.735194 -4.11462

-0.754145 -0.054111 0.654474 -1.12287
-0.19105 0.971572 -0.139817 -0.570532
-0.628303 -0.230479 -0.743044 -4.12615

-0.734638 -0.0994797 0.671127 -1.02211
-0.224622 0.969068 -0.102236 -0.598218
-0.640197 -0.225857 -0.734259 -4.1444

-0.732813 -0.0662629 0.677196 -0.976868
-0.207813 0.969489 -0.130017 -0.605733
-0.647919 -0.236009 -0.724225 -4.15089

-0.716847 -0.050547 0.695396 -0.857345
-0.195352 0.971982 -0.130726 -0.563722
-0.669304 -0.229558 -0.706637 -4.18072

-0.69481 -0.0656804 0.716188 -0.723592
-0.222143 0.966727 -0.126855 -0.650285
-0.684026 -0.247236 -0.686282 -4.19136

-0.699978 -0.0439544 0.712811 -0.729196
-0.207494 0.967565 -0.144095 -0.640203
-0.683357 -0.248768 -0.686394 -4.19135

-0.710522 -0.047849 0.702046 -0.78595
-0.199489 0.970451 -0.135755 -0.591995
-0.674806 -0.236507 -0.699072 -4.18734

-0.727965 -0.0473733 0.683975 -0.880474
-0.182493 0.975009 -0.1267 -0.508997
-0.66088 -0.217054 -0.718418 -4.1778

-0.713491 -0.0595641 0.698128 -0.788228
-0.189523 0.975644 -0.110452 -0.491622
-0.674545 -0.211118 -0.707402 -4.19585

-0.724508 -0.0353003 0.688362 -0.827511
-0.170436 0.97685 -0.129291 -0.471807
-0.667862 -0.210994 -0.713752 -4.1872

-0.710585 -0.0341083 0.702784 -0.730959
-0.184655 0.972854 -0.139489 -0.550353
-0.678949 -0.228891 -0.697594 -4.19401

-0.687038 -0.0594818 0.724183 -0.595106
-0.226999 0.964331 -0.136149 -0.692134
-0.690254 -0.257928 -0.676034 -4.19422

-0.686973 -0.0635553 0.723898 -0.58471
-0.239291 0.960395 -0.142766 -0.752484
-0.686155 -0.271299 -0.674973 -4.18522

-0.712451 -0.0404401 0.700556 -0.708326
-0.202994 0.967531 -0.15059 -0.645553
-0.671719 -0.249496 -0.697527 -4.18315

-0.727563 -0.0747767 0.681953 -0.805768
-0.198565 0.974447 -0.104996 -0.510271
-0.656676 -0.211803 -0.72382 -4.18187

-0.727152 -0.101691 0.678903 -0.805514
-0.216488 0.972472 -0.0862095 -0.525809
-0.651447 -0.209662 -0.729149 -4.17647

-0.69307 -0.0971939 0.714288 -0.578095
-0.260279 0.957766 -0.122224 -0.773048
-0.672241 -0.270624 -0.689097 -4.17567

-0.713025 -0.0927903 0.694972 -0.674999
-0.254951 0.957665 -0.13371 -0.784379
-0.653143 -0.272522 -0.706496 -4.15755

-0.742432 -0.0556988 0.667602 -0.810747
-0.208717 0.96617 -0.151503 -0.668959
-0.636578 -0.25182 -0.728941 -4.15152

-0.743699 -0.0848741 0.663105 -0.821691
-0.219349 0.967974 -0.122113 -0.625604
-0.631504 -0.236267 -0.738499 -4.15334

-0.704586 -0.0490381 0.707922 -0.539232
-0.201903 0.970231 -0.133743 -0.596968
-0.680289 -0.237166 -0.693512 -4.20311

-0.708628 -0.0764697 0.701426 -0.565935
-0.239933 0.960984 -0.137629 -0.736934
-0.663535 -0.265823 -0.699328 -4.17589

-0.732163 -0.0514174 0.679185 -0.673721
-0.210981 0.965224 -0.154366 -0.683809
-0.647629 -0.256316 -0.71755 -4.16846

-0.735557 -0.0795861 0.672772 -0.691811
-0.216205 0.968723 -0.121786 -0.612341
-0.642037 -0.235037 -0.729758 -4.17392

-0.683795 -0.0391012 0.728626 -0.331711
-0.214048 0.965381 -0.149072 -0.680061
-0.697573 -0.257896 -0.668493 -4.2083

-0.686005 -0.05584 0.725451 -0.334492
-0.241352 0.958063 -0.154484 -0.786078
-0.686401 -0.281066 -0.670713 -4.19121

-0.737435 -0.0578047 0.67294 -0.627228
-0.202941 0.969256 -0.139133 -0.615514
-0.644209 -0.239169 -0.726494 -4.18716

-0.756101 -0.0924474 0.647893 -0.752901
-0.228512 0.964958 -0.128988 -0.672505
-0.613265 -0.24558 -0.750731 -4.15626

-0.718916 -0.0599632 0.692506 -0.477509
-0.209911 0.968487 -0.134056 -0.62433
-0.662644 -0.24174 -0.708848 -4.20569

-0.722035 -0.0669837 0.688606 -0.486775
-0.228778 0.962428 -0.146265 -0.721835
-0.652936 -0.263146 -0.710231 -4.18873

-0.739543 -0.0662472 0.669842 -0.57722
-0.212923 0.967069 -0.139436 -0.65072
-0.638546 -0.245743 -0.729294 -4.18924

-0.750846 -0.0790199 0.655734 -0.640288
-0.218065 0.966803 -0.133189 -0.649299
-0.623441 -0.242997 -0.743151 -4.17807

-0.726649 -0.0851499 0.681712 -0.47178
-0.232604 0.964177 -0.127506 -0.68132
-0.646434 -0.251221 -0.720425 -4.19418

-0.717559 -0.106041 0.688379 -0.410515
-0.283402 0.947278 -0.149492 -0.911601
-0.636234 -0.302357 -0.70978 -4.15674

-0.749945 -0.082771 0.656302 -0.576125
-0.241969 0.957708 -0.155711 -0.794206
-0.615657 -0.275579 -0.738256 -4.16086

-0.759836 -0.0842419 0.644633 -0.621307
-0.229775 0.96237 -0.145075 -0.721004
-0.608154 -0.258354 -0.750601 -4.16505

-0.729702 -0.0519792 0.681787 -0.389522
-0.230368 0.957501 -0.173558 -0.805793
-0.64379 -0.283708 -0.710664 -4.17685

-0.727995 -0.0783725 0.681088 -0.381252
-0.266812 0.947512 -0.176158 -0.93146
-0.631533 -0.309964 -0.710695 -4.15106

-0.747441 -0.0594821 0.661659 -0.470373
-0.251615 0.947129 -0.199091 -0.950146
-0.614834 -0.315292 -0.72289 -4.13836

-0.767451 -0.0653463 0.637768 -0.586521
-0.215844 0.963053 -0.161058 -0.721276
-0.60368 -0.261262 -0.753201 -4.16809

-0.766221 -0.055168 0.640205 -0.553027
-0.209963 0.963116 -0.168297 -0.724214
-0.607307 -0.263372 -0.749543 -4.17054

-0.722665 -0.0743598 0.687187 -0.27225
-0.248111 0.955844 -0.15749 -0.816382
-0.645133 -0.284311 -0.709204 -4.18236

-0.732563 -0.0503223 0.678836 -0.299411
-0.251689 0.946613 -0.201437 -0.958256
-0.632458 -0.318421 -0.706119 -4.15152

-0.755335 -0.063407 0.652264 -0.43536
-0.228429 0.958361 -0.171362 -0.796428
-0.614239 -0.278431 -0.738368 -4.17353

-0.757883 -0.0855842 0.646753 -0.452212
-0.237149 0.959681 -0.150904 -0.760184
-0.607762 -0.267745 -0.747622 -4.17726

-0.730339 -0.0676161 0.67973 -0.244623
-0.216543 0.966683 -0.136505 -0.653263
-0.647853 -0.246886 -0.720648 -4.21301

-0.710054 -0.0585834 0.701706 -0.0981261
-0.253974 0.950762 -0.177618 -0.893281
-0.656751 -0.304334 -0.689971 -4.17727

-0.717815 -0.0520851 0.694283 -0.124099
-0.23587 0.956421 -0.172114 -0.821261
-0.655062 -0.287307 -0.698819 -4.19293

-0.756078 -0.0595292 0.651769 -0.354646
-0.214523 0.96338 -0.160866 -0.718206
-0.618325 -0.261447 -0.741161 -4.19887

-0.77583 -0.0552905 0.628515 -0.468013
-0.199501 0.966542 -0.161234 -0.67139
-0.598572 -0.250479 -0.760902 -4.19473

-0.760261 -0.0727908 0.645527 -0.363644
-0.211492 0.9673 -0.140008 -0.645604
-0.614226 -0.242966 -0.750795 -4.20951

-0.748422 -0.092699 0.656713 -0.28753
-0.260459 0.951713 -0.162492 -0.865922
-0.609939 -0.29266 -0.736427 -4.17698

-0.744853 -0.0918921 0.660871 -0.248334
-0.252353 0.955696 -0.151535 -0.807998
-0.617667 -0.279644 -0.735042 -4.19329

-0.758812 -0.0977533 0.643932 -0.327439
-0.247136 0.957948 -0.145803 -0.771768
-0.6026 -0.269776 -0.751062 -4.19446

-0.756499 -0.110052 0.644669 -0.308193
-0.247929 0.96042 -0.126984 -0.714682
-0.605178 -0.255895 -0.753842 -4.20442

-0.729055 -0.0855049 0.679094 -0.0962739
-0.254797 0.954761 -0.153328 -0.818507
-0.635262 -0.284816 -0.717859 -4.19747

-0.738276 -0.0903484 0.66842 -0.14638
-0.267534 0.948925 -0.16723 -0.899205
-0.619172 -0.302288 -0.72474 -4.18035

-0.766218 -0.0970878 0.635204 -0.319844
-0.255488 0.953056 -0.162514 -0.84834
-0.589606 -0.286809 -0.755053 -4.18305

